vn -0.1609 -0.6061 0.7790
vn 0.1610 -0.6061 0.7789
vn -0.1576 -0.7242 0.6713
vn 0.1577 -0.7242 0.6713
vn -0.1131 -0.9012 0.4184
vn 0.1135 -0.9011 0.4184
vn 0.1965 -0.9735 0.1169
vn -0.1738 -0.9771 0.1229
vn 0.4369 -0.6061 0.6647
vn 0.6645 -0.6061 0.4371
vn 0.3631 -0.7242 0.5862
vn 0.5860 -0.7243 0.3633
vn 0.2156 -0.9011 0.3761
vn 0.3758 -0.9012 0.2159
vn 0.2149 -0.9756 -0.0451
vn -0.0544 -0.9734 0.2228
vn 0.7789 -0.6061 0.1612
vn 0.7789 -0.6061 -0.1610
vn 0.6713 -0.7242 0.1579
vn 0.6713 -0.7242 -0.1577
vn 0.4184 -0.9011 0.1136
vn 0.4184 -0.9012 -0.1133
vn 0.1248 -0.9750 -0.1837
vn 0.1243 -0.9749 0.1848
vn 0.6646 -0.6061 -0.4370
vn 0.4369 -0.6061 -0.6646
vn 0.5862 -0.7242 -0.3632
vn 0.3632 -0.7242 -0.5862
vn 0.3760 -0.9012 -0.2157
vn 0.2157 -0.9012 -0.3760
vn -0.0502 -0.9743 -0.2198
vn 0.2156 -0.9754 0.0469
vn 0.1610 -0.6061 -0.7789
vn -0.1609 -0.6061 -0.7790
vn 0.1577 -0.7242 -0.6713
vn -0.1575 -0.7243 -0.6713
vn 0.1134 -0.9012 -0.4184
vn -0.1129 -0.9012 -0.4185
vn -0.1637 -0.9784 -0.1262
vn 0.1909 -0.9743 -0.1198
vn -0.4371 -0.6061 -0.6646
vn -0.6645 -0.6061 -0.4371
vn -0.3633 -0.7243 -0.5860
vn -0.5860 -0.7243 -0.3634
vn -0.2161 -0.9012 -0.3757
vn -0.3755 -0.9012 -0.2164
vn -0.2008 -0.9796 0.0087
vn 0.0195 -0.9779 -0.2084
vn -0.7790 -0.6061 -0.1608
vn -0.7790 -0.6061 0.1608
vn -0.6713 -0.7243 -0.1573
vn -0.6713 -0.7243 0.1574
vn -0.4185 -0.9012 -0.1126
vn -0.4185 -0.9012 0.1127
vn -0.1331 -0.9792 0.1532
vn -0.1340 -0.9798 -0.1487
vn -0.6645 -0.6061 0.4371
vn -0.4370 -0.6061 0.6646
vn -0.5860 -0.7243 0.3634
vn -0.3633 -0.7242 0.5861
vn -0.3756 -0.9012 0.2163
vn -0.2159 -0.9012 0.3759
vn 0.0295 -0.9766 0.2130
vn -0.2026 -0.9792 -0.0138
vn 0.7545 -0.5768 0.3131
vn 0.6431 -0.7178 0.2668
vn 0.4078 -0.8972 0.1696
vn 0.1927 -0.9775 0.0859
vn 0.7547 -0.5768 -0.3126
vn 0.6432 -0.7178 -0.2664
vn 0.4080 -0.8972 -0.1690
vn 0.1939 -0.9775 -0.0833
vn 0.3126 -0.5768 -0.7547
vn 0.2664 -0.7178 -0.6432
vn 0.1690 -0.8972 -0.4081
vn 0.0813 -0.9772 -0.1964
vn -0.3126 -0.5768 -0.7547
vn -0.2664 -0.7178 -0.6432
vn -0.1690 -0.8972 -0.4079
vn -0.0756 -0.9782 -0.1935
vn -0.7547 -0.5768 -0.3126
vn -0.6432 -0.7178 -0.2664
vn -0.4078 -0.8973 -0.1689
vn -0.1905 -0.9786 -0.0775
vn -0.7547 -0.5768 0.3126
vn -0.6432 -0.7178 0.2664
vn -0.4079 -0.8973 0.1689
vn -0.1906 -0.9785 0.0788
vn -0.3126 -0.5768 0.7547
vn -0.2664 -0.7178 0.6432
vn -0.1690 -0.8972 0.4080
vn -0.0764 -0.9779 0.1947
vn 0.3126 -0.5767 0.7547
vn 0.2664 -0.7178 0.6432
vn 0.1690 -0.8972 0.4081
vn 0.0806 -0.9769 0.1978
vn -0.4727 -0.7438 -0.4727
vn -0.5587 -0.6129 -0.5587
vn -0.2899 -0.9121 -0.2899
vn -0.0941 -0.9911 -0.0941
vn -0.7902 -0.6129 -0.0000
vn -0.6684 -0.7438 -0.0000
vn -0.4100 -0.9121 -0.0000
vn -0.1329 -0.9911 -0.0000
vn -0.4727 -0.7438 0.4727
vn -0.5587 -0.6129 0.5587
vn -0.2899 -0.9121 0.2899
vn -0.0940 -0.9911 0.0940
vn -0.0000 -0.6129 0.7902
vn -0.0000 -0.7438 0.6684
vn -0.0000 -0.9121 0.4100
vn -0.0000 -0.9912 0.1327
vn 0.4727 -0.7438 0.4727
vn 0.5587 -0.6129 0.5587
vn 0.2899 -0.9121 0.2899
vn 0.0939 -0.9912 0.0939
vn 0.7902 -0.6129 -0.0000
vn 0.6684 -0.7438 -0.0000
vn 0.4100 -0.9121 -0.0000
vn 0.1329 -0.9911 -0.0000
vn 0.4727 -0.7438 -0.4727
vn 0.5587 -0.6129 -0.5587
vn 0.2899 -0.9121 -0.2899
vn 0.0938 -0.9912 -0.0938
vn -0.0000 -0.6129 -0.7902
vn -0.0000 -0.7438 -0.6684
vn -0.0000 -0.9121 -0.4100
vn -0.0000 -0.9912 -0.1327
vn 0.3141 -0.9428 -0.1122
vn -0.2640 -0.9599 -0.0945
vn 0.1297 -0.9527 -0.2747
vn -0.3016 -0.9418 0.1485
vn -0.0940 -0.9499 -0.2982
vn -0.0952 -0.9493 0.2995
vn -0.2904 -0.9463 -0.1420
vn 0.1301 -0.9518 0.2776
vn -0.2441 -0.9660 0.0856
vn 0.3055 -0.9464 0.1052
vn -0.1156 -0.9718 0.2055
vn 0.2328 -0.9635 -0.1323
vn 0.0702 -0.9698 0.2335
vn 0.0675 -0.9725 -0.2230
vn 0.2534 -0.9574 0.1385
vn -0.1163 -0.9697 -0.2146
vn 0.0713 -0.9971 0.0266
vn 0.0735 -0.9971 -0.0212
vn 0.0295 -0.9971 -0.0707
vn -0.0400 -0.9970 -0.0664
vn -0.0703 -0.9970 -0.0322
vn -0.0711 -0.9970 0.0301
vn -0.0390 -0.9970 0.0666
vn 0.0320 -0.9971 0.0694
vn 0.0176 -0.9997 0.0176
vn 0.0251 -0.9997 -0.0000
vn 0.0178 -0.9997 -0.0178
vn -0.0000 -0.9997 -0.0257
vn -0.0180 -0.9997 -0.0180
vn -0.0252 -0.9997 -0.0000
vn -0.0181 -0.9997 0.0181
vn -0.0000 -0.9997 0.0256
vn -0.0000 -0.0000 1.0000
vn 0.7071 -0.0000 0.7071
vn 1.0000 -0.0000 -0.0000
vn 0.7071 -0.0000 -0.7071
vn -0.0000 -0.0000 -1.0000
vn -0.7071 -0.0000 -0.7071
vn -1.0000 -0.0000 -0.0000
vn -0.7071 -0.0000 0.7071
vn -0.0000 -0.1111 0.9938
vn 0.7027 -0.1111 0.7027
vn 0.9938 -0.1111 -0.0000
vn 0.7027 -0.1111 -0.7027
vn -0.0000 -0.1111 -0.9938
vn -0.7027 -0.1111 -0.7027
vn -0.9938 -0.1111 -0.0000
vn -0.7027 -0.1111 0.7027
vn -0.0000 -0.2267 0.9740
vn 0.6887 -0.2267 0.6887
vn 0.9740 -0.2267 -0.0000
vn 0.6887 -0.2267 -0.6887
vn -0.0000 -0.2267 -0.9740
vn -0.6887 -0.2267 -0.6887
vn -0.9740 -0.2267 -0.0000
vn -0.6887 -0.2267 0.6887
vn -0.0000 -0.2765 0.9610
vn 0.6795 -0.2765 0.6795
vn 0.9610 -0.2765 -0.0000
vn 0.6795 -0.2765 -0.6795
vn -0.0000 -0.2765 -0.9610
vn -0.6795 -0.2765 -0.6795
vn -0.9610 -0.2765 -0.0000
vn -0.6795 -0.2765 0.6795
vn 0.9723 0.1822 -0.1465
vn 0.0307 0.9995 -0.0023
vn 0.0706 0.0004 0.9975
vn -0.6547 0.0120 0.7558
vn -0.9971 0.0166 0.0739
vn -0.7590 0.0115 -0.6510
vn -0.0774 -0.0003 -0.9970
vn 0.6509 -0.0120 -0.7591
vn 0.9971 -0.0166 -0.0741
vn 0.7559 -0.0114 0.6546
vn 0.0709 0.0005 0.9975
vn -0.6546 0.0030 0.7560
vn -0.9973 0.0037 0.0740
vn -0.7589 0.0023 -0.6512
vn -0.0771 -0.0005 -0.9970
vn 0.6512 -0.0031 -0.7589
vn 0.9972 -0.0039 -0.0740
vn 0.7561 -0.0024 0.6545
vn 0.0661 -0.0012 0.9978
vn -0.6566 -0.0308 0.7537
vn -0.9963 -0.0427 0.0743
vn -0.7609 -0.0298 -0.6482
vn -0.0819 0.0001 -0.9966
vn 0.6485 0.0290 -0.7607
vn 0.9965 0.0404 -0.0737
vn 0.7534 0.0282 0.6570
vn 0.0517 -0.0131 0.9986
vn -0.6544 -0.1328 0.7444
vn -0.9813 -0.1776 0.0739
vn -0.7596 -0.1219 -0.6389
vn -0.0969 0.0017 -0.9953
vn 0.6345 0.1163 -0.7641
vn 0.9850 0.1570 -0.0719
vn 0.7399 0.1069 0.6642
vn 0.0303 -0.0624 0.9976
vn -0.5724 -0.3948 0.7187
vn -0.8572 -0.5115 0.0599
vn -0.6881 -0.3570 -0.6317
vn -0.1349 -0.0056 -0.9908
vn 0.5295 0.3467 -0.7743
vn 0.8772 0.4770 -0.0545
vn 0.6456 0.3055 0.6999
vn 0.0757 -0.1243 0.9894
vn -0.2558 -0.6947 0.6723
vn -0.4496 -0.8932 0.0044
vn -0.4082 -0.6240 -0.6663
vn -0.1480 -0.0164 -0.9888
vn 0.2066 0.6298 -0.7488
vn 0.4434 0.8963 0.0097
vn 0.3732 0.5401 0.7543
vn 0.1419 -0.0968 0.9851
vn 0.0892 -0.7665 0.6360
vn -0.0143 -0.9981 -0.0592
vn -0.1089 -0.6816 -0.7236
vn -0.1474 0.0316 -0.9886
vn -0.1132 0.7403 -0.6627
vn -0.0163 0.9975 0.0686
vn 0.0976 0.6458 0.7573
vn 0.1566 -0.0734 0.9849
vn 0.2000 -0.7489 0.6318
vn 0.1274 -0.9885 -0.0817
vn -0.0177 -0.6618 -0.7495
vn -0.1550 0.0532 -0.9865
vn -0.2040 0.7401 -0.6407
vn -0.1329 0.9875 0.0847
vn 0.0178 0.6497 0.7600
vn 0.3025 0.6647 0.6832
vn -0.3024 0.6647 0.6832
vn -0.3023 0.1197 0.9457
vn 0.3025 0.1197 0.9456
vn 0.6972 0.6652 0.2674
vn 0.2675 0.6652 0.6971
vn 0.4537 0.1176 0.8834
vn 0.8834 0.1176 0.4536
vn 0.6815 0.6655 -0.3046
vn 0.6815 0.6654 0.3046
vn 0.9453 0.1164 0.3046
vn 0.9453 0.1164 -0.3046
vn 0.2668 0.6654 -0.6972
vn 0.6972 0.6653 -0.2668
vn 0.8837 0.1168 -0.4533
vn 0.4533 0.1168 -0.8837
vn -0.3031 0.6649 -0.6826
vn 0.3032 0.6649 -0.6826
vn 0.3032 0.1186 -0.9455
vn -0.3031 0.1185 -0.9456
vn -0.6967 0.6669 -0.2642
vn -0.2641 0.6669 -0.6967
vn -0.4518 0.1158 -0.8846
vn -0.8845 0.1158 -0.4520
vn -0.6801 0.6667 0.3051
vn -0.6801 0.6667 -0.3051
vn -0.9451 0.1170 -0.3051
vn -0.9451 0.1170 0.3051
vn -0.2648 0.6667 0.6967
vn -0.6966 0.6667 0.2649
vn -0.8842 0.1166 0.4524
vn -0.4523 0.1166 0.8842
vn 0.3024 -0.6647 -0.6832
vn -0.3025 -0.6647 -0.6832
vn -0.3025 -0.1197 -0.9456
vn 0.3023 -0.1197 -0.9457
vn -0.2675 -0.6652 -0.6971
vn -0.6972 -0.6652 -0.2675
vn -0.8834 -0.1176 -0.4537
vn -0.4537 -0.1176 -0.8834
vn -0.6815 -0.6655 -0.3046
vn -0.6815 -0.6655 0.3046
vn -0.9453 -0.1164 0.3046
vn -0.9453 -0.1164 -0.3046
vn -0.6972 -0.6654 0.2668
vn -0.2668 -0.6654 0.6972
vn -0.4533 -0.1168 0.8837
vn -0.8837 -0.1168 0.4533
vn -0.3032 -0.6649 0.6826
vn 0.3031 -0.6649 0.6826
vn 0.3031 -0.1186 0.9456
vn -0.3032 -0.1186 0.9455
vn 0.2641 -0.6669 0.6968
vn 0.6967 -0.6669 0.2642
vn 0.8845 -0.1158 0.4520
vn 0.4518 -0.1158 0.8846
vn 0.6801 -0.6667 0.3051
vn 0.6801 -0.6667 -0.3051
vn 0.9451 -0.1170 -0.3051
vn 0.9451 -0.1170 0.3051
vn 0.6966 -0.6667 -0.2649
vn 0.2648 -0.6667 -0.6967
vn 0.4523 -0.1166 -0.8842
vn 0.8842 -0.1166 -0.4524
vn 0.3084 -0.6568 0.6881
vn -0.3083 -0.6568 0.6882
vn -0.3515 -0.8257 0.4412
vn 0.3516 -0.8257 0.4411
vn -0.8903 -0.1324 0.4358
vn -0.8903 0.4232 0.1682
vn -0.9354 0.3338 -0.1171
vn -0.9353 -0.2997 0.1880
vn -0.3084 0.9475 -0.0843
vn 0.3083 0.9475 -0.0844
vn 0.3515 0.8597 -0.3705
vn -0.3516 0.8597 -0.3704
vn 0.8903 0.4232 0.1680
vn 0.8903 -0.1324 0.4356
vn 0.9354 -0.2997 0.1878
vn 0.9353 0.3338 -0.1173
vn 0.3512 -0.8436 0.4062
vn -0.3511 -0.8436 0.4063
vn -0.9363 -0.3164 0.1524
vn -0.9363 0.3164 -0.1522
vn -0.9363 0.3164 -0.1523
vn -0.3512 0.8436 -0.4062
vn 0.3511 0.8436 -0.4063
vn 0.9363 0.3164 -0.1524
vn 0.9363 -0.3164 0.1523
vn 0.9363 -0.3164 0.1522
vn 0.3516 -0.8597 0.3704
vn -0.3515 -0.8597 0.3705
vn -0.3083 -0.9475 0.0844
vn 0.3084 -0.9475 0.0843
vn -0.9353 -0.3338 0.1173
vn -0.9354 0.2997 -0.1878
vn -0.8903 0.1324 -0.4356
vn -0.8903 -0.4232 -0.1680
vn -0.3516 0.8257 -0.4411
vn 0.3515 0.8257 -0.4412
vn 0.3083 0.6568 -0.6882
vn -0.3084 0.6568 -0.6881
vn 0.9353 0.2997 -0.1879
vn 0.9354 -0.3338 0.1171
vn 0.8903 -0.4232 -0.1682
vn 0.8903 0.1324 -0.4358
vn 0.7037 -0.6583 0.2673
vn 0.2673 -0.6584 0.7036
vn 0.0629 -0.8260 0.5601
vn 0.5601 -0.8260 0.0629
vn -0.3229 -0.1336 0.9370
vn -0.5120 0.4226 0.7479
vn -0.7443 0.3337 0.5785
vn -0.5288 -0.2999 0.7940
vn -0.2787 0.9473 0.1576
vn 0.1576 0.9473 -0.2787
vn -0.0132 0.8598 -0.5104
vn -0.5104 0.8598 -0.0132
vn 0.7478 0.4226 -0.5121
vn 0.9369 -0.1336 -0.3229
vn 0.7940 -0.2999 -0.5288
vn 0.5785 0.3337 -0.7443
vn 0.5352 -0.8438 0.0387
vn 0.0387 -0.8438 0.5352
vn -0.5544 -0.3164 0.7697
vn -0.7697 0.3164 0.5545
vn -0.5545 -0.3164 0.7697
vn -0.5352 0.8438 -0.0386
vn -0.0387 0.8438 -0.5352
vn 0.5544 0.3164 -0.7697
vn 0.7697 -0.3164 -0.5545
vn 0.5545 0.3164 -0.7697
vn 0.5352 -0.8438 0.0386
vn -0.5352 0.8438 -0.0387
vn 0.5104 -0.8598 0.0132
vn 0.0132 -0.8598 0.5104
vn -0.1576 -0.9473 0.2787
vn 0.2787 -0.9473 -0.1576
vn -0.5785 -0.3337 0.7443
vn -0.7940 0.2999 0.5288
vn -0.9369 0.1336 0.3229
vn -0.7478 -0.4226 0.5121
vn -0.5601 0.8260 -0.0629
vn -0.0629 0.8260 -0.5601
vn -0.2673 0.6583 -0.7036
vn -0.7037 0.6583 -0.2673
vn 0.5288 0.2999 -0.7940
vn 0.7443 -0.3337 -0.5785
vn 0.5120 -0.4226 -0.7479
vn 0.3229 0.1336 -0.9370
vn 0.6857 -0.6592 -0.3086
vn 0.6857 -0.6592 0.3086
vn 0.4402 -0.8262 0.3516
vn 0.4402 -0.8262 -0.3516
vn 0.4334 -0.1342 0.8912
vn 0.1660 0.4222 0.8912
vn -0.1172 0.3337 0.9354
vn 0.1873 -0.3000 0.9354
vn -0.0864 0.9472 0.3087
vn -0.0864 0.9472 -0.3087
vn -0.3701 0.8599 -0.3516
vn -0.3701 0.8599 0.3516
vn 0.1660 0.4222 -0.8912
vn 0.4334 -0.1342 -0.8912
vn 0.1873 -0.3000 -0.9354
vn -0.1172 0.3337 -0.9354
vn 0.4056 -0.8439 -0.3511
vn 0.4056 -0.8439 0.3511
vn 0.1521 -0.3165 0.9363
vn -0.1521 0.3165 0.9363
vn -0.4056 0.8439 0.3511
vn -0.4056 0.8439 -0.3511
vn -0.1521 0.3165 -0.9363
vn 0.1521 -0.3165 -0.9363
vn 0.3701 -0.8599 -0.3516
vn 0.3701 -0.8599 0.3516
vn 0.0864 -0.9472 0.3087
vn 0.0864 -0.9472 -0.3087
vn 0.1172 -0.3337 0.9354
vn -0.1873 0.3000 0.9354
vn -0.4334 0.1342 0.8912
vn -0.1660 -0.4222 0.8912
vn -0.4402 0.8262 0.3516
vn -0.4402 0.8262 -0.3516
vn -0.6857 0.6592 -0.3087
vn -0.6857 0.6592 0.3087
vn -0.1873 0.3000 -0.9354
vn 0.1172 -0.3337 -0.9354
vn -0.1660 -0.4222 -0.8912
vn -0.4334 0.1342 -0.8912
vn 0.2669 -0.6589 -0.7033
vn 0.7033 -0.6589 -0.2668
vn 0.5599 -0.8262 -0.0627
vn 0.0628 -0.8262 -0.5599
vn 0.9367 -0.1340 0.3235
vn 0.7476 0.4223 0.5125
vn 0.5785 0.3337 0.7443
vn 0.7939 -0.3000 0.5289
vn 0.1573 0.9473 0.2791
vn -0.2791 0.9473 -0.1573
vn -0.5103 0.8599 0.0131
vn -0.0132 0.8599 0.5103
vn -0.5125 0.4223 -0.7476
vn -0.3234 -0.1340 -0.9367
vn -0.5289 -0.3000 -0.7939
vn -0.7443 0.3337 -0.5785
vn 0.0386 -0.8439 -0.5351
vn 0.5351 -0.8439 -0.0386
vn 0.7696 -0.3165 0.5545
vn 0.5545 0.3165 0.7697
vn -0.0386 0.8439 0.5351
vn -0.5351 0.8439 0.0385
vn -0.7696 0.3165 -0.5545
vn -0.5545 -0.3164 -0.7697
vn -0.5545 -0.3165 -0.7697
vn -0.7697 0.3165 -0.5545
vn 0.5351 -0.8439 -0.0385
vn -0.5351 0.8439 0.0386
vn 0.7697 -0.3165 0.5545
vn -0.5545 -0.3165 -0.7696
vn -0.7696 0.3164 -0.5545
vn 0.5545 0.3164 0.7697
vn 0.0132 -0.8599 -0.5103
vn 0.5103 -0.8599 -0.0131
vn 0.2791 -0.9473 0.1573
vn -0.1573 -0.9473 -0.2791
vn 0.7443 -0.3337 0.5785
vn 0.5289 0.3000 0.7939
vn 0.3234 0.1340 0.9367
vn 0.5125 -0.4223 0.7476
vn -0.0628 0.8262 0.5599
vn -0.5599 0.8262 0.0627
vn -0.7033 0.6589 0.2668
vn -0.2668 0.6589 0.7033
vn -0.7939 0.3000 -0.5289
vn -0.5785 -0.3337 -0.7443
vn -0.7476 -0.4223 -0.5125
vn -0.9367 0.1340 -0.3235
vn -0.3084 -0.6576 -0.6874
vn 0.3085 -0.6576 -0.6873
vn 0.3516 -0.8259 -0.4408
vn -0.3515 -0.8259 -0.4408
vn 0.8906 -0.1330 -0.4348
vn 0.8906 0.4229 -0.1673
vn 0.9353 0.3337 0.1173
vn 0.9354 -0.2998 -0.1876
vn 0.3084 0.9474 0.0851
vn -0.3085 0.9474 0.0850
vn -0.3516 0.8598 0.3703
vn 0.3515 0.8598 0.3704
vn -0.8906 0.4229 -0.1675
vn -0.8906 -0.1330 -0.4350
vn -0.9353 -0.2998 -0.1877
vn -0.9354 0.3337 0.1171
vn -0.3511 -0.8437 -0.4060
vn 0.3512 -0.8437 -0.4060
vn 0.9363 -0.3164 -0.1522
vn 0.9363 0.3164 0.1523
vn 0.3511 0.8437 0.4060
vn -0.3512 0.8437 0.4060
vn -0.9363 0.3164 0.1522
vn -0.9363 -0.3164 -0.1523
vn -0.3511 0.8437 0.4060
vn 0.3511 -0.8437 -0.4060
vn -0.3515 -0.8598 -0.3704
vn 0.3516 -0.8598 -0.3703
vn 0.3085 -0.9474 -0.0850
vn -0.3085 -0.9474 -0.0851
vn 0.9354 -0.3337 -0.1171
vn 0.9353 0.2998 0.1877
vn 0.8906 0.1330 0.4350
vn 0.8906 -0.4229 0.1675
vn 0.3515 0.8259 0.4408
vn -0.3516 0.8259 0.4408
vn -0.3085 0.6576 0.6873
vn 0.3084 0.6576 0.6873
vn -0.9354 0.2998 0.1876
vn -0.9353 -0.3337 -0.1173
vn -0.8906 -0.4229 0.1673
vn -0.8906 0.1330 0.4348
vn -0.7029 -0.6596 -0.2662
vn -0.2661 -0.6596 -0.7029
vn -0.0631 -0.8259 -0.5603
vn -0.5603 -0.8259 -0.0632
vn 0.3250 -0.1345 -0.9361
vn 0.5145 0.4219 -0.7465
vn 0.7447 0.3335 -0.5781
vn 0.5289 -0.2999 -0.7939
vn 0.2813 0.9470 -0.1555
vn -0.1555 0.9470 0.2812
vn 0.0138 0.8594 0.5111
vn 0.5111 0.8594 0.0139
vn -0.7466 0.4219 0.5144
vn -0.9362 -0.1346 0.3248
vn -0.7940 -0.2999 0.5288
vn -0.5782 0.3335 0.7446
vn -0.5357 -0.8435 -0.0392
vn -0.0391 -0.8435 -0.5357
vn 0.5544 -0.3163 -0.7698
vn 0.7699 0.3163 -0.5542
vn 0.5357 0.8435 0.0392
vn 0.0391 0.8435 0.5357
vn -0.5544 0.3163 0.7698
vn -0.7699 -0.3163 0.5542
vn -0.5111 -0.8594 -0.0139
vn -0.0138 -0.8594 -0.5111
vn 0.1555 -0.9470 -0.2812
vn -0.2813 -0.9470 0.1555
vn 0.5782 -0.3335 -0.7446
vn 0.7940 0.2999 -0.5288
vn 0.9362 0.1346 -0.3248
vn 0.7466 -0.4219 -0.5144
vn 0.5603 0.8259 0.0632
vn 0.0631 0.8259 0.5603
vn 0.2661 0.6596 0.7029
vn 0.7029 0.6596 0.2662
vn -0.5289 0.2999 0.7939
vn -0.7447 -0.3335 0.5781
vn -0.5145 -0.4219 0.7465
vn -0.3250 0.1346 0.9361
vn -0.6861 -0.6587 0.3087
vn -0.6861 -0.6587 -0.3087
vn -0.4412 -0.8257 -0.3516
vn -0.4412 -0.8257 0.3516
vn -0.4330 -0.1339 -0.8914
vn -0.1648 0.4222 -0.8914
vn 0.1178 0.3335 -0.9354
vn -0.1876 -0.2998 -0.9354
vn 0.0882 0.9471 -0.3087
vn 0.0882 0.9471 0.3087
vn 0.3713 0.8594 0.3516
vn 0.3713 0.8594 -0.3515
vn -0.1649 0.4222 0.8914
vn -0.4331 -0.1339 0.8914
vn -0.1877 -0.2998 0.9354
vn 0.1177 0.3335 0.9354
vn -0.4067 -0.8434 0.3511
vn -0.4067 -0.8434 -0.3511
vn -0.1525 -0.3163 -0.9363
vn 0.1525 0.3163 -0.9363
vn 0.4067 0.8434 -0.3511
vn 0.4067 0.8434 0.3511
vn 0.1525 0.3163 0.9363
vn -0.1525 -0.3163 0.9363
vn -0.4067 -0.8434 -0.3512
vn -0.3713 -0.8594 0.3516
vn -0.3713 -0.8594 -0.3516
vn -0.0882 -0.9471 -0.3087
vn -0.0882 -0.9471 0.3087
vn -0.1177 -0.3335 -0.9354
vn 0.1877 0.2998 -0.9354
vn 0.4331 0.1339 -0.8914
vn 0.1649 -0.4222 -0.8914
vn 0.4412 0.8257 -0.3516
vn 0.4412 0.8257 0.3516
vn 0.6861 0.6587 0.3087
vn 0.6861 0.6587 -0.3087
vn 0.1876 0.2998 0.9354
vn -0.1178 -0.3335 0.9354
vn 0.1648 -0.4222 0.8914
vn 0.4330 0.1339 0.8914
vn -0.2666 -0.6591 0.7033
vn -0.7032 -0.6590 0.2667
vn -0.5605 -0.8257 0.0634
vn -0.0633 -0.8257 0.5605
vn -0.9364 -0.1341 -0.3243
vn -0.7468 0.4221 -0.5139
vn -0.5782 0.3335 -0.7446
vn -0.7941 -0.2999 -0.5287
vn -0.1558 0.9470 -0.2809
vn 0.2809 0.9470 0.1558
vn 0.5111 0.8594 -0.0140
vn 0.0139 0.8594 -0.5111
vn 0.5140 0.4221 0.7467
vn 0.3244 -0.1341 0.9364
vn 0.5288 -0.2998 0.7940
vn 0.7447 0.3335 0.5781
vn -0.0392 -0.8434 0.5358
vn -0.5358 -0.8434 0.0393
vn -0.7700 -0.3163 -0.5542
vn -0.5543 0.3163 -0.7699
vn -0.7699 -0.3163 -0.5542
vn 0.0392 0.8434 -0.5358
vn 0.5358 0.8434 -0.0393
vn 0.7700 0.3163 0.5542
vn 0.5543 -0.3163 0.7699
vn 0.7699 0.3163 0.5542
vn -0.0139 -0.8594 0.5111
vn -0.5111 -0.8594 0.0140
vn -0.2809 -0.9470 -0.1558
vn 0.1558 -0.9470 0.2809
vn -0.7447 -0.3335 -0.5781
vn -0.5288 0.2999 -0.7940
vn -0.3244 0.1341 -0.9364
vn -0.5140 -0.4221 -0.7467
vn 0.0633 0.8257 -0.5605
vn 0.5605 0.8257 -0.0634
vn 0.7032 0.6590 -0.2667
vn 0.2666 0.6590 -0.7033
vn 0.7941 0.2999 0.5287
vn 0.5782 -0.3335 0.7446
vn 0.7468 -0.4221 0.5139
vn 0.9364 0.1341 0.3243
